0. 95
1. 45
2. 36
3. 51
4. 198
5. 132
6. 11
7. 125
8. 64
9. 160
10. 91
11. 73
12. 133
13. 49
14. 81
15. 70
16. 59
17. 82
18. 57
19. 106
20. 21
21. 40
22. 52
23. 176
24. 66
25. 146
26. 13
27. 180
28. 132
29. 96
30. 158
31. 36
32. 70
33. 112
34. 5
35. 151
36. 152
37. 0
38. 153
39. 33
40. 135
41. 31
42. 157
43. 20
44. 147
45. 61
46. 1
47. 55
48. 121
49. 98
50. 66
51. 50
52. 125
53. 89
54. 10
55. 12
56. 173
57. 11
58. 104
59. 17
60. 73
61. 51
62. 134
63. 89
64. 2
65. 20
66. 34
67. 107
68. 86
69. 180
70. 0
71. 116
72. 8
73. 104
74. 57
75. 4
76. 47
77. 62
78. 127
79. 101
80. 184
81. 20
82. 29
83. 121
84. 18
85. 87
86. 54
87. 144
88. 136
89. 34
90. 132
91. 120
92. 118
93. 83
94. 27
95. 71
96. 23
97. 67
98. 34
99. 151
