1. 13
2. 110
3. 84
4. 78
5. 53
6. 61
7. 101
8. 84
9. 23
10. 56
11. 41
12. 138
13. 23
14. 54
15. 184
16. 39
17. 15
18. 55
19. 64
20. 79
21. 65
22. 55
23. 13
24. 171
25. 66
26. 57
27. 113
28. 35
29. 169
30. 39
31. 109
32. 71
33. 127
34. 77
35. 66
36. 87
37. 4
38. 30
39. 60
40. 5
41. 87
42. 181
43. 61
44. 115
45. 95
46. 148
47. 22
48. 50
49. 118
50. 174
51. 25
52. 56
53. 81
54. 101
55. 107
56. 25
57. 51
58. 164
59. 53
60. 96
61. 134
62. 91
63. 55
64. 49
65. 53
66. 12
67. 107
68. 112
69. 31
70. 12
71. 70
72. 67
73. 60
74. 117
75. 98
76. 44
77. 53
78. 178
79. 43
80. 90
81. 67
82. 5
83. 31
84. 17
85. 6
86. 131
87. 26
88. 11
89. 26
90. 54
91. 110
92. 97
93. 50
94. 68
95. 89
96. 139
97. 75
98. 141
99. 1
100. 169
